1
   Cartesian binning n.   1  "  Cerfluen" , generalized particle n.  202
      X coordinate: from -5.0000E+02 to  5.0000E+02 cm,     1 bins ( 1.0000E+03 cm wide)
      Y coordinate: from -5.0000E+02 to  5.0000E+02 cm,     1 bins ( 1.0000E+03 cm wide)
      Z coordinate: from  0.0000E+00 to  5.0000E+03 cm,   500 bins ( 1.0000E+01 cm wide)
      Data follow in a matrix A(ix,iy,iz), format (1(5x,1p,10(1x,e11.4)))

      accurate deposition along the tracks requested
      this is a track-length binning
       2.3981E-08  7.2377E-07  3.4889E-07  6.6592E-07  1.7425E-06  1.1472E-06  1.0150E-06  2.8721E-06  6.0163E-06  5.9271E-06
       4.3519E-06  5.1369E-06  8.8675E-06  2.7305E-06  3.9516E-06  9.2615E-06  1.0833E-05  1.0261E-05  9.5549E-06  1.1485E-05
       1.5338E-05  2.3024E-05  2.1907E-05  6.3053E-05  1.5614E-04  2.2304E-04  3.5544E-04  4.7383E-04  6.4865E-04  8.4564E-04
       1.0541E-03  1.3110E-03  1.5656E-03  1.7891E-03  2.0766E-03  2.4712E-03  2.8290E-03  3.3174E-03  3.9731E-03  4.6216E-03
       5.2339E-03  5.9226E-03  6.6584E-03  7.3058E-03  8.0892E-03  8.8769E-03  9.6328E-03  1.0425E-02  1.1182E-02  1.1931E-02
       1.2873E-02  1.3357E-02  1.4102E-02  1.5076E-02  1.5652E-02  1.6003E-02  1.6522E-02  1.6931E-02  1.7324E-02  1.7428E-02
       1.7702E-02  1.7725E-02  1.7657E-02  1.7679E-02  1.7663E-02  1.7519E-02  1.7180E-02  1.6973E-02  1.6754E-02  1.6380E-02
       1.6004E-02  1.5599E-02  1.5070E-02  1.4448E-02  1.3931E-02  1.3455E-02  1.2891E-02  1.2539E-02  1.1978E-02  1.1557E-02
       1.0962E-02  1.0441E-02  9.8503E-03  9.3271E-03  9.0070E-03  8.5622E-03  8.0517E-03  7.7816E-03  7.3371E-03  6.9758E-03
       6.6942E-03  6.2910E-03  5.9108E-03  5.6073E-03  5.2942E-03  4.9355E-03  4.7432E-03  4.4498E-03  4.2743E-03  3.9270E-03
       3.6980E-03  3.5538E-03  3.3531E-03  3.1536E-03  3.0395E-03  2.8885E-03  2.7295E-03  2.5565E-03  2.3810E-03  2.2272E-03
       2.0664E-03  1.9288E-03  1.8971E-03  1.7899E-03  1.6520E-03  1.6076E-03  1.5001E-03  1.4567E-03  1.3682E-03  1.3448E-03
       1.2507E-03  1.1533E-03  1.0800E-03  9.9026E-04  9.2143E-04  8.6815E-04  7.9040E-04  7.9274E-04  7.2880E-04  7.2191E-04
       6.9194E-04  6.4693E-04  5.9888E-04  5.9031E-04  5.6183E-04  5.5458E-04  4.8771E-04  4.7330E-04  4.4256E-04  3.9919E-04
       3.7756E-04  3.2855E-04  3.2350E-04  3.4003E-04  3.4049E-04  2.8075E-04  2.7617E-04  2.6939E-04  2.6683E-04  2.6998E-04
       2.4873E-04  2.1848E-04  2.1747E-04  2.1694E-04  2.1257E-04  1.8898E-04  1.5718E-04  1.5643E-04  1.2769E-04  1.1545E-04
       1.1127E-04  1.1132E-04  9.6984E-05  9.1954E-05  9.0086E-05  8.6075E-05  8.8781E-05  7.8318E-05  7.8632E-05  7.0639E-05
       6.3959E-05  4.4046E-05  4.6021E-05  3.7396E-05  3.5182E-05  3.6361E-05  3.6740E-05  3.4960E-05  3.0004E-05  4.9827E-05
       4.5618E-05  4.9586E-05  4.9267E-05  4.7203E-05  3.3203E-05  3.7710E-05  3.9320E-05  3.2778E-05  3.4633E-05  2.2583E-05
       1.4898E-05  1.6840E-05  1.3832E-05  1.5928E-05  2.0389E-05  1.9052E-05  1.2881E-05  1.5183E-05  9.7760E-06  7.9417E-06
       6.4869E-06  4.9378E-06  2.4266E-06  7.7808E-06  7.4852E-06  6.6431E-06  2.5153E-06  2.5167E-06  5.7735E-06  5.7209E-06
       4.5805E-06  4.2012E-06  5.2464E-06  6.8555E-06  3.1503E-06  1.0443E-06  3.0273E-06  2.2839E-06  2.0938E-06  1.1219E-06
       1.1842E-06  2.5055E-06  2.0994E-06  2.1617E-06  1.3383E-06  1.8067E-06  3.4730E-06  2.7735E-06  1.1384E-06  1.1096E-06
       2.3684E-06  1.0228E-06  1.3049E-06  1.0030E-06  1.2367E-06  0.0000E+00  0.0000E+00  0.0000E+00  8.1156E-07  6.9242E-07
       0.0000E+00  2.2029E-07  0.0000E+00  0.0000E+00  0.0000E+00  0.0000E+00  0.0000E+00  0.0000E+00  0.0000E+00  0.0000E+00
       0.0000E+00  0.0000E+00  0.0000E+00  0.0000E+00  0.0000E+00  0.0000E+00  0.0000E+00  0.0000E+00  0.0000E+00  0.0000E+00
       0.0000E+00  0.0000E+00  0.0000E+00  0.0000E+00  0.0000E+00  0.0000E+00  0.0000E+00  0.0000E+00  0.0000E+00  0.0000E+00
       0.0000E+00  0.0000E+00  0.0000E+00  0.0000E+00  0.0000E+00  0.0000E+00  0.0000E+00  0.0000E+00  0.0000E+00  0.0000E+00
       0.0000E+00  0.0000E+00  0.0000E+00  0.0000E+00  0.0000E+00  0.0000E+00  0.0000E+00  0.0000E+00  0.0000E+00  0.0000E+00
       0.0000E+00  0.0000E+00  0.0000E+00  0.0000E+00  0.0000E+00  0.0000E+00  0.0000E+00  0.0000E+00  0.0000E+00  0.0000E+00
       0.0000E+00  0.0000E+00  0.0000E+00  0.0000E+00  0.0000E+00  0.0000E+00  0.0000E+00  0.0000E+00  0.0000E+00  0.0000E+00
       0.0000E+00  0.0000E+00  0.0000E+00  0.0000E+00  0.0000E+00  0.0000E+00  0.0000E+00  0.0000E+00  0.0000E+00  0.0000E+00
       0.0000E+00  0.0000E+00  0.0000E+00  0.0000E+00  0.0000E+00  0.0000E+00  0.0000E+00  0.0000E+00  0.0000E+00  0.0000E+00
       0.0000E+00  0.0000E+00  0.0000E+00  0.0000E+00  0.0000E+00  0.0000E+00  0.0000E+00  0.0000E+00  0.0000E+00  0.0000E+00
       0.0000E+00  0.0000E+00  0.0000E+00  0.0000E+00  0.0000E+00  0.0000E+00  0.0000E+00  0.0000E+00  0.0000E+00  0.0000E+00
       0.0000E+00  0.0000E+00  0.0000E+00  0.0000E+00  0.0000E+00  0.0000E+00  0.0000E+00  0.0000E+00  0.0000E+00  0.0000E+00
       0.0000E+00  0.0000E+00  0.0000E+00  0.0000E+00  0.0000E+00  0.0000E+00  0.0000E+00  0.0000E+00  0.0000E+00  0.0000E+00
       0.0000E+00  0.0000E+00  0.0000E+00  0.0000E+00  0.0000E+00  0.0000E+00  0.0000E+00  0.0000E+00  0.0000E+00  0.0000E+00
       0.0000E+00  0.0000E+00  0.0000E+00  0.0000E+00  0.0000E+00  0.0000E+00  0.0000E+00  0.0000E+00  0.0000E+00  0.0000E+00
       0.0000E+00  0.0000E+00  0.0000E+00  0.0000E+00  0.0000E+00  0.0000E+00  0.0000E+00  0.0000E+00  0.0000E+00  0.0000E+00
       0.0000E+00  0.0000E+00  0.0000E+00  0.0000E+00  0.0000E+00  0.0000E+00  0.0000E+00  0.0000E+00  0.0000E+00  0.0000E+00
       0.0000E+00  0.0000E+00  0.0000E+00  0.0000E+00  0.0000E+00  0.0000E+00  0.0000E+00  0.0000E+00  0.0000E+00  0.0000E+00
       0.0000E+00  0.0000E+00  0.0000E+00  0.0000E+00  0.0000E+00  0.0000E+00  0.0000E+00  0.0000E+00  0.0000E+00  0.0000E+00
       0.0000E+00  0.0000E+00  0.0000E+00  0.0000E+00  0.0000E+00  0.0000E+00  0.0000E+00  0.0000E+00  0.0000E+00  0.0000E+00
       0.0000E+00  0.0000E+00  0.0000E+00  0.0000E+00  0.0000E+00  0.0000E+00  0.0000E+00  0.0000E+00  0.0000E+00  0.0000E+00
       0.0000E+00  0.0000E+00  0.0000E+00  0.0000E+00  0.0000E+00  0.0000E+00  0.0000E+00  0.0000E+00  0.0000E+00  0.0000E+00
       0.0000E+00  0.0000E+00  0.0000E+00  0.0000E+00  0.0000E+00  0.0000E+00  0.0000E+00  0.0000E+00  0.0000E+00  0.0000E+00
       0.0000E+00  0.0000E+00  0.0000E+00  0.0000E+00  0.0000E+00  0.0000E+00  0.0000E+00  0.0000E+00  0.0000E+00  0.0000E+00
       0.0000E+00  0.0000E+00  0.0000E+00  0.0000E+00  0.0000E+00  0.0000E+00  0.0000E+00  0.0000E+00  0.0000E+00  0.0000E+00
       0.0000E+00  0.0000E+00  0.0000E+00  0.0000E+00  0.0000E+00  0.0000E+00  0.0000E+00  0.0000E+00  0.0000E+00  0.0000E+00

      Percentage errors follow in a matrix A(ix,iy,iz), format (1(5x,1p,10(1x,e11.4)))

       9.9000E+01  9.9000E+01  9.9000E+01  9.9000E+01  9.9000E+01  9.9000E+01  9.9000E+01  9.9000E+01  9.9000E+01  9.9000E+01
       9.9000E+01  9.9000E+01  9.9000E+01  9.9000E+01  9.9000E+01  9.9000E+01  9.9000E+01  9.9000E+01  9.9000E+01  9.9000E+01
       9.9000E+01  9.9000E+01  9.9000E+01  9.9000E+01  9.9000E+01  9.9000E+01  9.9000E+01  9.9000E+01  9.9000E+01  9.9000E+01
       9.9000E+01  9.9000E+01  9.9000E+01  9.9000E+01  9.9000E+01  9.9000E+01  9.9000E+01  9.9000E+01  9.9000E+01  9.9000E+01
       9.9000E+01  9.9000E+01  9.9000E+01  9.9000E+01  9.9000E+01  9.9000E+01  9.9000E+01  9.9000E+01  9.9000E+01  9.9000E+01
       9.9000E+01  9.9000E+01  9.9000E+01  9.9000E+01  9.9000E+01  9.9000E+01  9.9000E+01  9.9000E+01  9.9000E+01  9.9000E+01
       9.9000E+01  9.9000E+01  9.9000E+01  9.9000E+01  9.9000E+01  9.9000E+01  9.9000E+01  9.9000E+01  9.9000E+01  9.9000E+01
       9.9000E+01  9.9000E+01  9.9000E+01  9.9000E+01  9.9000E+01  9.9000E+01  9.9000E+01  9.9000E+01  9.9000E+01  9.9000E+01
       9.9000E+01  9.9000E+01  9.9000E+01  9.9000E+01  9.9000E+01  9.9000E+01  9.9000E+01  9.9000E+01  9.9000E+01  9.9000E+01
       9.9000E+01  9.9000E+01  9.9000E+01  9.9000E+01  9.9000E+01  9.9000E+01  9.9000E+01  9.9000E+01  9.9000E+01  9.9000E+01
       9.9000E+01  9.9000E+01  9.9000E+01  9.9000E+01  9.9000E+01  9.9000E+01  9.9000E+01  9.9000E+01  9.9000E+01  9.9000E+01
       9.9000E+01  9.9000E+01  9.9000E+01  9.9000E+01  9.9000E+01  9.9000E+01  9.9000E+01  9.9000E+01  9.9000E+01  9.9000E+01
       9.9000E+01  9.9000E+01  9.9000E+01  9.9000E+01  9.9000E+01  9.9000E+01  9.9000E+01  9.9000E+01  9.9000E+01  9.9000E+01
       9.9000E+01  9.9000E+01  9.9000E+01  9.9000E+01  9.9000E+01  9.9000E+01  9.9000E+01  9.9000E+01  9.9000E+01  9.9000E+01
       9.9000E+01  9.9000E+01  9.9000E+01  9.9000E+01  9.9000E+01  9.9000E+01  9.9000E+01  9.9000E+01  9.9000E+01  9.9000E+01
       9.9000E+01  9.9000E+01  9.9000E+01  9.9000E+01  9.9000E+01  9.9000E+01  9.9000E+01  9.9000E+01  9.9000E+01  9.9000E+01
       9.9000E+01  9.9000E+01  9.9000E+01  9.9000E+01  9.9000E+01  9.9000E+01  9.9000E+01  9.9000E+01  9.9000E+01  9.9000E+01
       9.9000E+01  9.9000E+01  9.9000E+01  9.9000E+01  9.9000E+01  9.9000E+01  9.9000E+01  9.9000E+01  9.9000E+01  9.9000E+01
       9.9000E+01  9.9000E+01  9.9000E+01  9.9000E+01  9.9000E+01  9.9000E+01  9.9000E+01  9.9000E+01  9.9000E+01  9.9000E+01
       9.9000E+01  9.9000E+01  9.9000E+01  9.9000E+01  9.9000E+01  9.9000E+01  9.9000E+01  9.9000E+01  9.9000E+01  9.9000E+01
       9.9000E+01  9.9000E+01  9.9000E+01  9.9000E+01  9.9000E+01  9.9000E+01  9.9000E+01  9.9000E+01  9.9000E+01  9.9000E+01
       9.9000E+01  9.9000E+01  9.9000E+01  9.9000E+01  9.9000E+01  9.9000E+01  9.9000E+01  9.9000E+01  9.9000E+01  9.9000E+01
       9.9000E+01  9.9000E+01  9.9000E+01  9.9000E+01  9.9000E+01  9.9000E+01  9.9000E+01  9.9000E+01  9.9000E+01  9.9000E+01
       9.9000E+01  9.9000E+01  9.9000E+01  9.9000E+01  9.9000E+01  0.0000E+00  0.0000E+00  0.0000E+00  9.9000E+01  9.9000E+01
       0.0000E+00  9.9000E+01  0.0000E+00  0.0000E+00  0.0000E+00  0.0000E+00  0.0000E+00  0.0000E+00  0.0000E+00  0.0000E+00
       0.0000E+00  0.0000E+00  0.0000E+00  0.0000E+00  0.0000E+00  0.0000E+00  0.0000E+00  0.0000E+00  0.0000E+00  0.0000E+00
       0.0000E+00  0.0000E+00  0.0000E+00  0.0000E+00  0.0000E+00  0.0000E+00  0.0000E+00  0.0000E+00  0.0000E+00  0.0000E+00
       0.0000E+00  0.0000E+00  0.0000E+00  0.0000E+00  0.0000E+00  0.0000E+00  0.0000E+00  0.0000E+00  0.0000E+00  0.0000E+00
       0.0000E+00  0.0000E+00  0.0000E+00  0.0000E+00  0.0000E+00  0.0000E+00  0.0000E+00  0.0000E+00  0.0000E+00  0.0000E+00
       0.0000E+00  0.0000E+00  0.0000E+00  0.0000E+00  0.0000E+00  0.0000E+00  0.0000E+00  0.0000E+00  0.0000E+00  0.0000E+00
       0.0000E+00  0.0000E+00  0.0000E+00  0.0000E+00  0.0000E+00  0.0000E+00  0.0000E+00  0.0000E+00  0.0000E+00  0.0000E+00
       0.0000E+00  0.0000E+00  0.0000E+00  0.0000E+00  0.0000E+00  0.0000E+00  0.0000E+00  0.0000E+00  0.0000E+00  0.0000E+00
       0.0000E+00  0.0000E+00  0.0000E+00  0.0000E+00  0.0000E+00  0.0000E+00  0.0000E+00  0.0000E+00  0.0000E+00  0.0000E+00
       0.0000E+00  0.0000E+00  0.0000E+00  0.0000E+00  0.0000E+00  0.0000E+00  0.0000E+00  0.0000E+00  0.0000E+00  0.0000E+00
       0.0000E+00  0.0000E+00  0.0000E+00  0.0000E+00  0.0000E+00  0.0000E+00  0.0000E+00  0.0000E+00  0.0000E+00  0.0000E+00
       0.0000E+00  0.0000E+00  0.0000E+00  0.0000E+00  0.0000E+00  0.0000E+00  0.0000E+00  0.0000E+00  0.0000E+00  0.0000E+00
       0.0000E+00  0.0000E+00  0.0000E+00  0.0000E+00  0.0000E+00  0.0000E+00  0.0000E+00  0.0000E+00  0.0000E+00  0.0000E+00
       0.0000E+00  0.0000E+00  0.0000E+00  0.0000E+00  0.0000E+00  0.0000E+00  0.0000E+00  0.0000E+00  0.0000E+00  0.0000E+00
       0.0000E+00  0.0000E+00  0.0000E+00  0.0000E+00  0.0000E+00  0.0000E+00  0.0000E+00  0.0000E+00  0.0000E+00  0.0000E+00
       0.0000E+00  0.0000E+00  0.0000E+00  0.0000E+00  0.0000E+00  0.0000E+00  0.0000E+00  0.0000E+00  0.0000E+00  0.0000E+00
       0.0000E+00  0.0000E+00  0.0000E+00  0.0000E+00  0.0000E+00  0.0000E+00  0.0000E+00  0.0000E+00  0.0000E+00  0.0000E+00
       0.0000E+00  0.0000E+00  0.0000E+00  0.0000E+00  0.0000E+00  0.0000E+00  0.0000E+00  0.0000E+00  0.0000E+00  0.0000E+00
       0.0000E+00  0.0000E+00  0.0000E+00  0.0000E+00  0.0000E+00  0.0000E+00  0.0000E+00  0.0000E+00  0.0000E+00  0.0000E+00
       0.0000E+00  0.0000E+00  0.0000E+00  0.0000E+00  0.0000E+00  0.0000E+00  0.0000E+00  0.0000E+00  0.0000E+00  0.0000E+00
       0.0000E+00  0.0000E+00  0.0000E+00  0.0000E+00  0.0000E+00  0.0000E+00  0.0000E+00  0.0000E+00  0.0000E+00  0.0000E+00
       0.0000E+00  0.0000E+00  0.0000E+00  0.0000E+00  0.0000E+00  0.0000E+00  0.0000E+00  0.0000E+00  0.0000E+00  0.0000E+00
       0.0000E+00  0.0000E+00  0.0000E+00  0.0000E+00  0.0000E+00  0.0000E+00  0.0000E+00  0.0000E+00  0.0000E+00  0.0000E+00
       0.0000E+00  0.0000E+00  0.0000E+00  0.0000E+00  0.0000E+00  0.0000E+00  0.0000E+00  0.0000E+00  0.0000E+00  0.0000E+00
       0.0000E+00  0.0000E+00  0.0000E+00  0.0000E+00  0.0000E+00  0.0000E+00  0.0000E+00  0.0000E+00  0.0000E+00  0.0000E+00
       0.0000E+00  0.0000E+00  0.0000E+00  0.0000E+00  0.0000E+00  0.0000E+00  0.0000E+00  0.0000E+00  0.0000E+00  0.0000E+00
