1
   Cartesian binning n.   1  "  Cerfluen" , generalized particle n.  202
      X coordinate: from -5.0000E+02 to  5.0000E+02 cm,     1 bins ( 1.0000E+03 cm wide)
      Y coordinate: from -5.0000E+02 to  5.0000E+02 cm,     1 bins ( 1.0000E+03 cm wide)
      Z coordinate: from  0.0000E+00 to  5.0000E+03 cm,   500 bins ( 1.0000E+01 cm wide)
      Data follow in a matrix A(ix,iy,iz), format (1(5x,1p,10(1x,e11.4)))

      accurate deposition along the tracks requested
      this is a track-length binning
       2.2859E-06  6.1594E-06  1.4432E-05  1.7177E-05  1.6399E-05  1.8126E-05  5.3214E-05  1.1875E-04  1.9826E-04  2.3142E-04
       3.1493E-04  4.4046E-04  5.5749E-04  7.8532E-04  9.3306E-04  1.1868E-03  1.3939E-03  1.5948E-03  1.9436E-03  2.3234E-03
       2.6438E-03  3.0557E-03  3.3759E-03  3.6686E-03  4.0931E-03  4.4498E-03  5.0007E-03  5.4586E-03  6.0537E-03  6.7174E-03
       7.2827E-03  7.9486E-03  8.5218E-03  9.0548E-03  9.7164E-03  1.0239E-02  1.0638E-02  1.1222E-02  1.1691E-02  1.2197E-02
       1.2759E-02  1.3174E-02  1.3229E-02  1.3192E-02  1.3510E-02  1.3612E-02  1.3517E-02  1.3635E-02  1.3645E-02  1.3626E-02
       1.3481E-02  1.3345E-02  1.3335E-02  1.3234E-02  1.3236E-02  1.3024E-02  1.2875E-02  1.2567E-02  1.1940E-02  1.1654E-02
       1.1395E-02  1.1216E-02  1.0952E-02  1.0849E-02  1.0574E-02  1.0482E-02  1.0188E-02  9.7881E-03  9.4434E-03  9.3921E-03
       9.0632E-03  8.7057E-03  8.2549E-03  8.0633E-03  7.6498E-03  7.4982E-03  7.2303E-03  6.9981E-03  6.7212E-03  6.5098E-03
       6.3386E-03  6.1315E-03  5.9435E-03  5.6765E-03  5.5519E-03  5.4422E-03  5.3492E-03  5.0617E-03  4.8446E-03  4.7500E-03
       4.6784E-03  4.5468E-03  4.3867E-03  4.2274E-03  4.1471E-03  3.7981E-03  3.6347E-03  3.3521E-03  3.2619E-03  3.1628E-03
       3.0072E-03  2.8565E-03  2.7654E-03  2.6628E-03  2.6513E-03  2.5003E-03  2.3603E-03  2.1699E-03  2.0760E-03  1.9662E-03
       1.8704E-03  1.7962E-03  1.7467E-03  1.6439E-03  1.5989E-03  1.4945E-03  1.3831E-03  1.2264E-03  1.1173E-03  1.0796E-03
       1.0410E-03  9.9679E-04  9.3158E-04  8.6075E-04  8.1070E-04  7.7583E-04  7.1702E-04  6.9181E-04  6.7570E-04  6.2997E-04
       6.1990E-04  5.8392E-04  5.3845E-04  4.8410E-04  4.4113E-04  4.1004E-04  3.9197E-04  3.5591E-04  3.4138E-04  3.2527E-04
       2.9980E-04  2.3826E-04  2.4572E-04  2.1973E-04  2.2321E-04  1.8527E-04  1.9187E-04  1.9445E-04  1.9980E-04  2.0622E-04
       2.0033E-04  1.8638E-04  1.8840E-04  1.6502E-04  1.6942E-04  1.6421E-04  1.4715E-04  1.2065E-04  1.1127E-04  9.0480E-05
       1.0604E-04  9.8655E-05  9.1587E-05  8.6311E-05  6.9069E-05  6.6345E-05  6.2236E-05  6.0837E-05  7.0593E-05  6.4034E-05
       5.4597E-05  5.6720E-05  5.7302E-05  4.5913E-05  5.0625E-05  4.6445E-05  4.8858E-05  4.2362E-05  3.9006E-05  3.7950E-05
       3.0654E-05  3.2788E-05  2.9308E-05  2.4076E-05  1.7404E-05  2.3867E-05  2.0153E-05  2.2398E-05  1.5033E-05  1.7081E-05
       1.5662E-05  1.1096E-05  1.1504E-05  1.1161E-05  7.4411E-06  8.4976E-06  1.3672E-05  6.9301E-06  5.0358E-06  5.2807E-06
       4.3933E-06  4.6775E-06  6.5680E-06  8.5524E-06  4.9057E-06  4.3414E-06  4.8714E-06  5.2034E-06  3.4619E-06  3.9248E-06
       2.8694E-06  2.6898E-06  2.5961E-06  2.0446E-06  2.8364E-06  2.3037E-06  2.2790E-06  3.7131E-06  2.6189E-06  2.0264E-06
       2.0227E-06  2.0050E-06  2.0053E-06  2.0059E-06  2.0057E-06  2.4415E-06  2.1876E-06  2.0053E-06  2.0550E-06  2.0696E-06
       2.0065E-06  2.4673E-06  2.0170E-06  2.0069E-06  2.0053E-06  2.0052E-06  2.0518E-06  2.2235E-06  2.5922E-06  2.6624E-06
       2.4973E-06  3.1047E-06  2.5585E-06  2.0813E-06  2.0522E-06  2.0026E-06  2.0026E-06  2.9520E-06  3.2753E-06  3.5534E-06
       2.3940E-06  2.2095E-06  2.2945E-06  2.0357E-06  2.0036E-06  2.0618E-06  2.0959E-06  2.0251E-06  2.0331E-06  2.0192E-06
       2.0213E-06  3.0275E-06  2.8979E-06  1.0003E-06  1.0323E-06  1.0003E-06  1.0003E-06  1.0003E-06  1.3236E-06  2.6823E-06
       1.8951E-06  1.2644E-06  2.0729E-06  2.1275E-06  1.5935E-06  1.0089E-06  1.0869E-06  1.0252E-06  1.0082E-06  1.4238E-06
       1.0004E-06  1.0507E-06  1.0004E-06  1.1976E-06  1.8061E-06  1.1795E-06  1.5441E-06  1.0003E-06  1.2045E-06  2.2348E-06
       1.0003E-06  1.0003E-06  1.0003E-06  1.5581E-06  1.0003E-06  1.1849E-06  1.0419E-06  1.1896E-06  1.0004E-06  1.0147E-06
       1.0004E-06  1.0004E-06  1.0004E-06  1.0279E-06  1.0004E-06  1.0004E-06  1.0004E-06  1.1131E-06  1.0145E-06  1.0003E-06
       1.0449E-06  1.9541E-06  1.0135E-06  1.3434E-06  1.9570E-06  1.0004E-06  1.0003E-06  1.0609E-06  1.0580E-06  1.0003E-06
       1.0003E-06  1.2055E-06  1.0004E-06  1.0004E-06  1.0003E-06  1.0004E-06  1.0004E-06  1.0274E-06  1.0004E-06  1.0137E-06
       1.0004E-06  1.5680E-06  2.0052E-06  2.1775E-06  3.2781E-06  2.6284E-06  1.1514E-06  1.0004E-06  1.0004E-06  1.4458E-06
       1.2262E-06  1.0132E-06  1.9363E-06  1.0003E-06  1.0944E-06  1.0004E-06  1.0428E-06  1.0004E-06  1.0004E-06  1.0296E-06
       1.0004E-06  1.0005E-06  1.0005E-06  1.0005E-06  1.0228E-06  1.0005E-06  1.0005E-06  1.0660E-06  1.1321E-06  1.0005E-06
       1.1290E-06  1.1599E-06  1.0790E-06  1.4790E-06  1.4358E-06  1.2325E-06  1.0003E-06  1.0004E-06  1.0691E-06  1.1172E-06
       1.1108E-06  1.1064E-06  1.0003E-06  1.0477E-06  1.0002E-06  1.0002E-06  1.0002E-06  1.9597E-06  1.2681E-06  1.0002E-06
       1.0002E-06  2.0006E-06  2.2598E-06  2.0948E-06  2.6622E-06  2.0904E-06  1.4229E-06  1.2667E-06  1.3462E-06  1.6029E-06
       1.0002E-06  1.0533E-06  1.2780E-06  1.3965E-06  3.1689E-06  3.0363E-06  1.0139E-06  1.1348E-06  1.0003E-06  1.0004E-06
       1.3339E-06  1.0004E-06  1.2803E-06  1.1912E-06  1.4399E-06  1.0003E-06  1.0493E-06  1.1161E-06  1.0004E-06  1.1347E-06
       1.3458E-06  1.0301E-06  1.0003E-06  1.0139E-06  2.4259E-06  1.2359E-06  1.1178E-06  1.0002E-06  1.0002E-06  1.0002E-06
       1.0003E-06  1.1130E-06  1.0856E-06  1.0002E-06  1.5853E-06  1.0002E-06  1.1442E-06  1.1453E-06  1.5726E-06  1.2051E-06
       1.0708E-06  1.0002E-06  1.0002E-06  1.1073E-06  1.0150E-06  1.0744E-06  1.0002E-06  1.0248E-06  1.4057E-06  1.0655E-06
       1.0001E-06  1.0001E-06  1.0001E-06  1.1763E-06  1.4319E-06  1.6500E-06  1.0002E-06  1.0560E-06  1.2043E-06  1.0001E-06
       1.0001E-06  1.0001E-06  1.0001E-06  1.1247E-06  1.0001E-06  1.0002E-06  1.2149E-06  1.0001E-06  1.0001E-06  1.0001E-06
       1.0108E-06  1.0000E-06  1.0001E-06  1.0551E-06  1.6012E-06  1.0002E-06  1.0002E-06  1.0230E-06  1.0002E-06  1.7302E-06
       1.0003E-06  1.0138E-06  1.9181E-06  1.2179E-06  1.4108E-06  2.4567E-06  1.9994E-06  1.0128E-06  2.8388E-06  2.6585E-06
       2.1773E-06  2.1030E-06  1.4454E-06  1.0220E-06  1.0008E-06  1.3770E-06  1.0009E-06  1.2617E-06  1.0008E-06  1.1817E-06
       1.0008E-06  1.0007E-06  1.0008E-06  1.0007E-06  1.0096E-06  1.0428E-06  1.1663E-06  1.0972E-06  1.1131E-06  1.0010E-06

      Percentage errors follow in a matrix A(ix,iy,iz), format (1(5x,1p,10(1x,e11.4)))

       9.9000E+01  9.9000E+01  9.9000E+01  9.9000E+01  9.9000E+01  9.9000E+01  9.9000E+01  9.9000E+01  9.9000E+01  9.9000E+01
       9.9000E+01  9.9000E+01  9.9000E+01  9.9000E+01  9.9000E+01  9.9000E+01  9.9000E+01  9.9000E+01  9.9000E+01  9.9000E+01
       9.9000E+01  9.9000E+01  9.9000E+01  9.9000E+01  9.9000E+01  9.9000E+01  9.9000E+01  9.9000E+01  9.9000E+01  9.9000E+01
       9.9000E+01  9.9000E+01  9.9000E+01  9.9000E+01  9.9000E+01  9.9000E+01  9.9000E+01  9.9000E+01  9.9000E+01  9.9000E+01
       9.9000E+01  9.9000E+01  9.9000E+01  9.9000E+01  9.9000E+01  9.9000E+01  9.9000E+01  9.9000E+01  9.9000E+01  9.9000E+01
       9.9000E+01  9.9000E+01  9.9000E+01  9.9000E+01  9.9000E+01  9.9000E+01  9.9000E+01  9.9000E+01  9.9000E+01  9.9000E+01
       9.9000E+01  9.9000E+01  9.9000E+01  9.9000E+01  9.9000E+01  9.9000E+01  9.9000E+01  9.9000E+01  9.9000E+01  9.9000E+01
       9.9000E+01  9.9000E+01  9.9000E+01  9.9000E+01  9.9000E+01  9.9000E+01  9.9000E+01  9.9000E+01  9.9000E+01  9.9000E+01
       9.9000E+01  9.9000E+01  9.9000E+01  9.9000E+01  9.9000E+01  9.9000E+01  9.9000E+01  9.9000E+01  9.9000E+01  9.9000E+01
       9.9000E+01  9.9000E+01  9.9000E+01  9.9000E+01  9.9000E+01  9.9000E+01  9.9000E+01  9.9000E+01  9.9000E+01  9.9000E+01
       9.9000E+01  9.9000E+01  9.9000E+01  9.9000E+01  9.9000E+01  9.9000E+01  9.9000E+01  9.9000E+01  9.9000E+01  9.9000E+01
       9.9000E+01  9.9000E+01  9.9000E+01  9.9000E+01  9.9000E+01  9.9000E+01  9.9000E+01  9.9000E+01  9.9000E+01  9.9000E+01
       9.9000E+01  9.9000E+01  9.9000E+01  9.9000E+01  9.9000E+01  9.9000E+01  9.9000E+01  9.9000E+01  9.9000E+01  9.9000E+01
       9.9000E+01  9.9000E+01  9.9000E+01  9.9000E+01  9.9000E+01  9.9000E+01  9.9000E+01  9.9000E+01  9.9000E+01  9.9000E+01
       9.9000E+01  9.9000E+01  9.9000E+01  9.9000E+01  9.9000E+01  9.9000E+01  9.9000E+01  9.9000E+01  9.9000E+01  9.9000E+01
       9.9000E+01  9.9000E+01  9.9000E+01  9.9000E+01  9.9000E+01  9.9000E+01  9.9000E+01  9.9000E+01  9.9000E+01  9.9000E+01
       9.9000E+01  9.9000E+01  9.9000E+01  9.9000E+01  9.9000E+01  9.9000E+01  9.9000E+01  9.9000E+01  9.9000E+01  9.9000E+01
       9.9000E+01  9.9000E+01  9.9000E+01  9.9000E+01  9.9000E+01  9.9000E+01  9.9000E+01  9.9000E+01  9.9000E+01  9.9000E+01
       9.9000E+01  9.9000E+01  9.9000E+01  9.9000E+01  9.9000E+01  9.9000E+01  9.9000E+01  9.9000E+01  9.9000E+01  9.9000E+01
       9.9000E+01  9.9000E+01  9.9000E+01  9.9000E+01  9.9000E+01  9.9000E+01  9.9000E+01  9.9000E+01  9.9000E+01  9.9000E+01
       9.9000E+01  9.9000E+01  9.9000E+01  9.9000E+01  9.9000E+01  9.9000E+01  9.9000E+01  9.9000E+01  9.9000E+01  9.9000E+01
       9.9000E+01  9.9000E+01  9.9000E+01  9.9000E+01  9.9000E+01  9.9000E+01  9.9000E+01  9.9000E+01  9.9000E+01  9.9000E+01
       9.9000E+01  9.9000E+01  9.9000E+01  9.9000E+01  9.9000E+01  9.9000E+01  9.9000E+01  9.9000E+01  9.9000E+01  9.9000E+01
       9.9000E+01  9.9000E+01  9.9000E+01  9.9000E+01  9.9000E+01  9.9000E+01  9.9000E+01  9.9000E+01  9.9000E+01  9.9000E+01
       9.9000E+01  9.9000E+01  9.9000E+01  9.9000E+01  9.9000E+01  9.9000E+01  9.9000E+01  9.9000E+01  9.9000E+01  9.9000E+01
       9.9000E+01  9.9000E+01  9.9000E+01  9.9000E+01  9.9000E+01  9.9000E+01  9.9000E+01  9.9000E+01  9.9000E+01  9.9000E+01
       9.9000E+01  9.9000E+01  9.9000E+01  9.9000E+01  9.9000E+01  9.9000E+01  9.9000E+01  9.9000E+01  9.9000E+01  9.9000E+01
       9.9000E+01  9.9000E+01  9.9000E+01  9.9000E+01  9.9000E+01  9.9000E+01  9.9000E+01  9.9000E+01  9.9000E+01  9.9000E+01
       9.9000E+01  9.9000E+01  9.9000E+01  9.9000E+01  9.9000E+01  9.9000E+01  9.9000E+01  9.9000E+01  9.9000E+01  9.9000E+01
       9.9000E+01  9.9000E+01  9.9000E+01  9.9000E+01  9.9000E+01  9.9000E+01  9.9000E+01  9.9000E+01  9.9000E+01  9.9000E+01
       9.9000E+01  9.9000E+01  9.9000E+01  9.9000E+01  9.9000E+01  9.9000E+01  9.9000E+01  9.9000E+01  9.9000E+01  9.9000E+01
       9.9000E+01  9.9000E+01  9.9000E+01  9.9000E+01  9.9000E+01  9.9000E+01  9.9000E+01  9.9000E+01  9.9000E+01  9.9000E+01
       9.9000E+01  9.9000E+01  9.9000E+01  9.9000E+01  9.9000E+01  9.9000E+01  9.9000E+01  9.9000E+01  9.9000E+01  9.9000E+01
       9.9000E+01  9.9000E+01  9.9000E+01  9.9000E+01  9.9000E+01  9.9000E+01  9.9000E+01  9.9000E+01  9.9000E+01  9.9000E+01
       9.9000E+01  9.9000E+01  9.9000E+01  9.9000E+01  9.9000E+01  9.9000E+01  9.9000E+01  9.9000E+01  9.9000E+01  9.9000E+01
       9.9000E+01  9.9000E+01  9.9000E+01  9.9000E+01  9.9000E+01  9.9000E+01  9.9000E+01  9.9000E+01  9.9000E+01  9.9000E+01
       9.9000E+01  9.9000E+01  9.9000E+01  9.9000E+01  9.9000E+01  9.9000E+01  9.9000E+01  9.9000E+01  9.9000E+01  9.9000E+01
       9.9000E+01  9.9000E+01  9.9000E+01  9.9000E+01  9.9000E+01  9.9000E+01  9.9000E+01  9.9000E+01  9.9000E+01  9.9000E+01
       9.9000E+01  9.9000E+01  9.9000E+01  9.9000E+01  9.9000E+01  9.9000E+01  9.9000E+01  9.9000E+01  9.9000E+01  9.9000E+01
       9.9000E+01  9.9000E+01  9.9000E+01  9.9000E+01  9.9000E+01  9.9000E+01  9.9000E+01  9.9000E+01  9.9000E+01  9.9000E+01
       9.9000E+01  9.9000E+01  9.9000E+01  9.9000E+01  9.9000E+01  9.9000E+01  9.9000E+01  9.9000E+01  9.9000E+01  9.9000E+01
       9.9000E+01  9.9000E+01  9.9000E+01  9.9000E+01  9.9000E+01  9.9000E+01  9.9000E+01  9.9000E+01  9.9000E+01  9.9000E+01
       9.9000E+01  9.9000E+01  9.9000E+01  9.9000E+01  9.9000E+01  9.9000E+01  9.9000E+01  9.9000E+01  9.9000E+01  9.9000E+01
       9.9000E+01  9.9000E+01  9.9000E+01  9.9000E+01  9.9000E+01  9.9000E+01  9.9000E+01  9.9000E+01  9.9000E+01  9.9000E+01
       9.9000E+01  9.9000E+01  9.9000E+01  9.9000E+01  9.9000E+01  9.9000E+01  9.9000E+01  9.9000E+01  9.9000E+01  9.9000E+01
       9.9000E+01  9.9000E+01  9.9000E+01  9.9000E+01  9.9000E+01  9.9000E+01  9.9000E+01  9.9000E+01  9.9000E+01  9.9000E+01
       9.9000E+01  9.9000E+01  9.9000E+01  9.9000E+01  9.9000E+01  9.9000E+01  9.9000E+01  9.9000E+01  9.9000E+01  9.9000E+01
       9.9000E+01  9.9000E+01  9.9000E+01  9.9000E+01  9.9000E+01  9.9000E+01  9.9000E+01  9.9000E+01  9.9000E+01  9.9000E+01
       9.9000E+01  9.9000E+01  9.9000E+01  9.9000E+01  9.9000E+01  9.9000E+01  9.9000E+01  9.9000E+01  9.9000E+01  9.9000E+01
       9.9000E+01  9.9000E+01  9.9000E+01  9.9000E+01  9.9000E+01  9.9000E+01  9.9000E+01  9.9000E+01  9.9000E+01  9.9000E+01
